1	5.877805
2	5.812743
3	6.078219
4	5.944829
5	6.246306
6	6.547510
7	6.274675
8	6.365897
9	6.364654
10	6.535019
11	6.557543
12	6.429523
13	6.638927
14	6.644673
15	6.776426
16	6.568449
17	6.298814
18	6.000464
19	5.930774
20	6.076239
21	6.239612
22	6.656743
23	6.974661
24	6.892094
25	6.911729
26	6.936068
27	6.932439
28	6.946345
29	6.922402
30	6.990513
31	6.911537
32	6.844346
33	6.929408
34	6.944079
35	6.924080
36	6.855662
37	6.937138
38	7.010343
39	6.898316
40	6.982754
41	6.994409
42	6.839841
43	6.878213
44	6.919041
45	6.933034
46	6.861423
47	6.861287
48	6.936901
49	6.991192
50	6.878673
51	6.965043
52	7.025973
53	6.937540
54	6.955623
55	7.023600
56	6.892776
57	6.834369
58	6.958652
59	6.944489
60	6.905478
61	6.847201
62	6.877675
63	6.847152
64	6.933657
65	6.862371
66	6.892432
67	6.932496
68	6.846078
69	6.854906
70	6.898505
71	6.925503
72	6.971874
73	6.886816
74	6.796470
75	6.869673
76	6.879521
77	7.050195
78	6.890642
79	6.893195
80	6.896736
81	6.880927
82	6.839947
83	6.909956
84	6.860833
85	6.857457
86	6.994857
87	6.854816
88	6.950941
89	6.971532
90	7.073989
91	6.946305
92	7.101580
93	6.862143
94	6.925146
95	6.992630
96	6.843450
97	6.935234
98	6.850935
99	6.962824
100	6.858957
101	6.930883
102	6.840658
103	6.894100
104	6.986061
105	6.918480
106	6.991949
107	6.898254
108	6.879059
109	6.908845
110	6.849760
111	6.864461
112	6.841389
113	6.819787
114	6.969012
115	7.046717
116	6.908657
117	6.837768
118	6.929328
119	6.895801
120	6.935499
121	6.893016
122	6.869812
123	7.020343
124	6.843057
125	6.918924
126	6.949844
127	6.978772
128	6.883620
129	6.829119
130	6.942358
131	6.815130
132	6.919561
133	6.933307
134	7.053037
135	6.846646
136	6.866264
137	7.012441
138	6.826120
139	6.953461
140	6.925143
141	6.904146
142	6.789579
143	6.824745
144	6.934645
145	6.967758
146	6.987989
147	6.923138
148	6.870067
149	6.899621
150	7.007639
151	6.825989
152	7.092999
153	6.966745
154	6.844002
155	6.873212
156	6.995441
157	6.842228
158	6.798732
159	6.969254
160	6.856102
161	6.970603
162	6.970042
163	6.926588
164	6.865117
165	6.862046
166	6.858796
167	6.886260
168	6.975369
169	6.978053
170	6.881928
171	6.850908
172	6.948382
173	6.942788
174	6.971056
175	6.867551
176	6.959338
177	6.993492
178	6.877667
179	6.927776
180	6.874679
181	6.878780
182	6.952397
183	7.025853
184	6.884190
185	6.992201
186	7.033791
187	6.902253
188	6.949014
189	6.789612
190	6.942408
191	6.895371
